# x4 y6
### roman alphabet ###
A.alt:0,0 2,6 4,0|0.7,2 3.3,2:.7,.7
A:0,0 0,3 1.5,6 2.5,6 4,3 4,0|0,2 4,2
B:2,3 3,3 4,2 4,1 3,0 0,0 0,6 3,6 4,5 4,4 3,3 0,3
C:4,1 3,0 1,0 0,1 0,5 1,6 3,6 4,5
D:0,1 0,6 3,6 4,5 4,1 3,0 0,0 0,1
E:4,0 0,0 0,6 4,6|0.05,3 3,3
F:0,0 0,6 4,6|0,3 3,3:1,.7
G.alt:2.5,3 4,2.5 4,1 3,0 1,0 0,1 0,5 1,6 3,6 4,5
G:2.5,3 4,3 4,1 3,0 1,0 0,1 0,5 1,6 3,6 4,5
H:0,0 0,6|4,0 4,6|0,3 4,3
I:0,0 0,6:1.1,1.1
J:0,1.5 0,1 1,0 3,0 4,1 4,6
K:0,0 0,6|4,6 4,4.5 2.5,3 2,3|0,3 2.25,3 4,1.5 4,0
L:0,6 0,0 4,0:1,.7
M.alt2:0,0 0,6 2.5,0 5,6 5,0
M.alt:0,0 0,6 2.5,3 5,6 5,0|2.5,3 2.5,2.7
M:0,0 0,6 2.5,2 5,6 5,0
N:0,0 0,6 4,0 4,6
O:4,2 4,1 3,0 1,0 0,1 0,5 1,6 3,6 4,5 4,2
P:0,0 0,6 3,6 4,5 4,4 3,3 0,3
Q:4,2 4,1 3,0 1,0 0,1 0,5 1,6 3,6 4,5 4,2|3.5,.5 2,2
R:0,0 0,6 3,6 4,5 4,4 3,3 0,3|2,3 4,1 4,0
S.alt:0,1 1,0 3,0 4,1 4,2.5 0,3.5 0,5 1,6 3,6 4,5
S:4,5 3,6 1,6 0,5 0,4 1,3 3,3 4,2 4,1 3,0 1,0 0,1
T:0,6 4,6|2,0 2,6:.8,.8
U:0,6 0,1 1,0 3,0 4,1 4,6
V.alt:0,6 2,0 4,6:.8,.8
V:0,6 0,3 1.5,0 2.5,0 4,3 4,6
W.alt2:0,6 0,0 2.5,6 5,0 5,6
W.alt:0,6 0,0 2.5,3 5,0 5,6|2.5,3 2.5,3.3
W:0,6 0,0 2.5,4 5,0 5,6
X.alt:0,6 4,0|0,0 4,6
X:0,6 0,5 4,1 4,0|0,0 0,1 4,5 4,6
#Y.alt2:0,6 2,2 4,6|2,0 2,2
Y.alt:0,6 2,3 4,6|2,0 2,3:.8,.8
Y:0,6 0,5 2,3 4,5 4,6|2,3 2,0
Z.alt:0,6 4,6 0,0 4,0
Z:0,6 4,6 4,5 0,1 0,0 4,0
### numbers ###
one.alt:0,6 1,6 2,5 2,0
one:0,6 1,6 1,0
#primeiro desenho#two:0,5 1,6 3,6 4,5 4,4 0,2 0,0 4,0
two:0,5 1,6 3,6 4,5 4,3.5 0,1 0,0 4,0
two.alt:0,5 1,6 3,6 4,5 4,3.5 3,2.5 1,2.5 0,1.5 0,0 4,0
#two.alt2:0,5 1,6 3,6 4,5 4,3.5 0,1.5 0,0 4,0
three:0,5 1,6 3,6 4,5 4,4 3,3 1,3|2,3 3,3 4,2 4,1 3,0 1,0 0,1|1,3 3,3
four:0,6 0,4 1,3 4,3|4,0 4,6
five:3.5,6 0,6 0,3 3,3 4,2 4,1 3,0 1,0 0,1
six:3,6 1,6 0,5 0,1 1,0 3,0 4,1 4,2 3,3 0,3
seven:0,6 4,6 4,5 .5,1 .5,0
eight:1.5,0 1,0 3,0 4,1 4,2 3,3 1,3 0,4 0,5 1,6 3,6 4,5 4,4 3,3 1,3 0,2 0,1 1,0 1.5,0
nine:0,1 1,0 3,0 4,1 4,5 3,6 1,6 0,5 0,4 1,3 4,3
zero:4,2 4,1 3,0 1,0 0,1 0,5 1,6 3,6 4,5 4,2|0,5 4,1
### punctuation ###
braceleft:0,3 1,3 1,7 3,7|0,3 1,3 1,-1 3,-1
braceright:0,7 2,7 2,3 3,3|3,3 2,3 2,-1 0,-1
bracketleft:2,-1 0,-1 0,7 2,7
bracketright:0,-1 2,-1 2,7 0,7
colon:0,0 0,.1|0,3 0,3.1
comma:1,0 1,-0.75 0.5,-1.25
ellipsis:0,0 0,.1|1.5,0 1.5,.1|3,0 3,.1
emdash:0,3 8,3
endash:0,3 5,3
exclam:1,0 1,.1|1,2 1,6
exclamdown:1,5 1,4.9|1,3 1,-1
guillemotleft:1,2 0,3 1,4|2,2 1,3 2,4
guillemotright:0,2 1,3 0,4|1,2 2,3 1,4
guillemotleft:1,2 0,3 1,4|2.5,2 1.5,3 2.5,4
guillemotright:0,2 1,3 0,4|1.5,2 2.5,3 1.5,4
guilsinglleft:1,2 0,3 1,4
guilsinglright:0,2 1,3 0,4
hyphen:0,3 2,3
parenleft:2,-1 1,-1 0,0 0,6 1,7 2,7
parenright:0,-1 1,-1 2,0 2,6 1,7 0,7
period:0,0 0,.1
question.alt:0,5 0,5.5 .5,6 3.5,6 4,5.5 4,4 2,3 2,2|2,0 2,.1
question:0,5 1,6 3,6 4,5 4,4 2,3 2,2|2,0 2,.1
#question.alt:0,4.5 0,5 1,6 2.5,6 3.5,5 3.5,3.5 2.5,2.5 1.75,2.5 1.75,1.5|1.75,0 1.75,.1
#question.alt2:0,5 1,6 3,6 4,5 4,3.5 2,2 2,1|2,0 2,.1
questiondown:2,3 2,2 0,1 0,0 1,-1 3,-1 4,0|2,5 2,4.9
questiondown.alt:2,3 2,2 0,1 0,-.5 .5,-1 3.5,-1 4,-.5|2,5 2,4.9
quotedbl:0,6 0,5|1.5,6 1.5,5
quotesingle:0,6 0,5
quoteleft:0,6 0,5.25 .25,5
quoteright:0,6 .25,5.75 .25,5
quotesinglbase:0,.25 .25,0 .25,-.75
quotereversed:.25,6 0,5.75 0,5
quotedblleft:0,6 0,5.25 .25,5|1.5,6 1.5,5.25 1.75,5
quotedblright:0,6 .25,5.75 .25,5|1.5,6 1.75,5.75 1.75,5
quotedblbase:0,.25 .25,0 .25,-.75|1.5,.25 1.75,0 1.75,-.75
#// tipo um quotereversedbl:
uni201F:.25,6 0,5.75 0,5|1.75,6 1.5,5.75 1.5,5
semicolon:1,0 1,-0.75 0.5,-1.25|1,3 1,3.1
#slash.alt:0,0 4,6
slash:0,0 0,1 4,5 4,6
### currency ###
dollar.alt:4,5 3,6 1,6 0,5 0,4 1,3 3,3 4,2 4,1 3,0 1,0 0,1|2,7 2,-1
dollar:4,5 3,6 1,6 0,5 0,4 1,3 3,3 4,2 4,1 3,0 1,0 0,1|2,7 2,6|2,0 2,-1
sterling:4,0 0,0 0.5,2 0.5,5.5 1,6 3,6 3.5,5.5 3.5,5|0,3 2,3
yen:0,6 0,5 2,3 4,5 4,6|2,3 2,0|0.5,2.5 3.5,2.5|0.5,1.5 3.5,1.5
Euro:3,0 1,0 0,1 0,5 1,6 3,6|-.5,3.5 2.5,3.5|-.5,2.5 2,2.5
Euro:4,1 3,0 1,0 0,1 0,5 1,6 3,6 4,5|-.5,3.5 2.5,3.5|-.5,2.5 2,2.5
cent:3,.5 2.5,0 0.5,0 0,.5 0,3.5 .5,4 2.5,4 3,3.5|1.5,4.5 1.5,-.5
cent:3,.5 2.5,0 0.5,0 0,.5 0,3.5 .5,4 2.5,4 3,3.5|1.5,4 1.5,4.5|1.5,0 1.5,-.5
cent:3,1 2,0 1,0 0,1 0,3 1,4 2,4 3,3|1.5,4 1.5,4.5|1.5,0 1.5,-.5
cent:4,1 3,0 1,0 0,1 0,3 1,4 3,4 4,3|2,4 2,4.5|2,0 2,-.5
cent:3,3.5 2.5,4 .5,4 0,3.5 0,.5 .5,0 2.5,0 3,.5|1.5,5 1.5,-1
### mathematical symbols ###
less:3,5 0,3 3,1
greater:0,5 3,3 0,1
equal:0,2 3,2|0,4 3,4
plus:0,3 3,3|1.5,4.5 1.5,1.5
multiply:0,4.5 2.5,2|0,2 2.5,4.5	
plusminus:0,4 3,4|1.5,5.5 1.5,2.5|0,1 3,1
divide:0,3 3,3|1.5,4.5 1.5,4.6|1.5,1.5 1.5,1.6
fraction:0,0 0,1 4,5 4,6
### diacritics ###
acute:0,7 1,8
#asciitilde:0,5.5 0.5,6 2,5.5 2.5,6
asciitilde:0,3.6 .6,4.5 2.4,3.2 3,4.2
#asciitilde.alt:0,5.5 0.5,6.3 1.5,5.2 2,6
asciicircum:0,4 1,6 2,4
circumflex:0,7 1,8 2,7
breve:0,8 .25,7.25 .75,7 1.25,7 1.75,7.25 2,8
caron:0,8 1,7 2,8
cedilla:1,0 1,-0.75 0.5,-1.25
dieresis:0,7 0,7.1|2,7 2,7.1
dotaccent:0,7 0,7.1
grave:0,7 -1,8
macron:0,7 3,7
ogonek:0,0 0,-0.75 0.5,-1.25
periodcentered:0,3 0,3.1
ring:1.5,7 2.5,7 2.5,8 1.5,8 1.5,7
#tilde:0,5.5 0.5,6 2,5.5 2.5,6
tilde:0,7.5 .5,8.3 2,7.2 2.5,8
### general ###
ampersand:4,5 3,6 1,6 0,5 0,3.5 .5,3 2,3|.5,3 0,2.5 0,1 1,0 3,0 4,1 4,2.5 5,2.5
ampersand.alt:5,3 2,0 0,2 3,5 2,6 1,5 5,1
#at:4,0 1,0 0,1 0,5 1,6 5,6 6,5 6,3 5,2 2,2 2,4 4,4 4,2
at:3,0 1,0 0,1 0,5 1,6 3,6 4,5 4,1 2,1 1,2 1,3 2,4 4,4
at:1,0 0,1 0,5 1,6 3,6 4,5 4,1 2,1 1,2 1,3 2,4 4,4
at:3,0 1,0 0,1 0,5 1,6 3,6 4,5 4,2 2,2 1.5,2.5 1.5,3.5 2,4 4,4
asterisk:0.25,2 3.75,4|0.25,4 3.75,2|2,5 2,1
backslash.alt:0,6 4,0
backslash:0,6 0,5 4,1 4,0
bar:0,-1 0,7
brokenbar:0,-1 0,2|0,4 0,7
dagger:1.5,-1 1.5,6|0,4 3,4
daggerdbl:1.5,-1 1.5,6|0,4 3,4|0,1 3,1
#numbersign:0,2 6,2|0,4 6,4|2,0 2,6|4,0 4,6
numbersign:1.5,6 .5,0|3.5,6 2.5,0|0,4 4,4|0,2 4,2
numbersign:0,2 5,2|0,4 5,4|1.5,0 1.5,6|3.5,0 3.5,6
ordfeminine:0,3 0,4.5 .75,6 1.25,6 2,4.5 2,3|0,4 2,4
ordmasculine:2,4 2,3.5 1.5,3 .5,3 0,3.5 0,5.5 .5,6 1.5,6 2,5.5 2,4
paragraph:4,-1 4,6 1,6 0,5 0,4 1,3 3.5,3|3.5,6 3.5,-1
percent:0,5 0,6 1.5,6 1.5,3.5 0,3.5 0,5|1,0 1,1 5,5 5,6|4.5,1 4.5,2.5 6,2.5 6,0 4.5,0 4.5,1
section:3,5 2,6 1,6 0,5 0,4 3,3 3,2 2,1.4|0,0 1,-1 2,-1 3,0 3,1 0,2 0,3 1,3.6
section:3,6 1,6 0,5 0,4 3,3 3,2 2,1.4|0,-1 2,-1 3,0 3,1 0,2 0,3 1,3.6
section:3,5.5 2.5,6 1,6 0,5 0,4 3,3 3,2 2,1.4|0,-.5 .5,-1 2,-1 3,0 3,1 0,2 0,3 1,3.6
section:3,5.5 2.5,6 .5,6 0,5.5 0,4 3,3 3,2 2,1.4|0,-.5 .5,-1 2.5,-1 3,-.5 3,1 0,2 0,3 1,3.6
section:3,5.5 2.5,6 .5,6 0,5.5 0,4.5 3,3 3,2 1.9,1.2|0,-.5 .5,-1 2.5,-1 3,-.5 3,.5 0,2 0,3 1.1,3.8
underscore:0,-.5 4,-.5
### other languages support ###
AE:0,0 0,3 1.5,6 2.5,6 4,3|0,2 4,2|8,0 4,0 4,6 8,6|4,3 7,3:.7,1
ae:0,0 0,3 1.5,6 2.5,6 4,3|0,2 4,2|8,0 4,0 4,6 8,6|4,3 7,3:.7,1
Eth:0,1 0,6 3,6 4,5 4,1 3,0 0,0 0,1|-0.5,3 1.5,3
#germandbls.alt:0,-1 0,5 1,6 3,6 4,5 4,4 3,3 2,3|3,3 4,2 4,1 3,0 1,0
#germandbls:0,-1 0,6 3,6 4,5 4,4 3,3 2,3|3,3 4,2 4,1 3,0 1,0
#germandbls:0,-2 0,5 1,6 2,6 3,5 3,4 2,3 4,2 4,1 3,0 1,0
#germandbls:0,-2 0,5 1,6 2,6 3,5 3,4 2,3.5 2,3 4,2 4,1 3,0 1,0
#germandbls:0,-2 0,5 1,6 2,6 3,5 3,4 2,3.5 2,3 4,2 4,1 3,0 1.5,0 1,.5
#germandbls:0,-2 0,5.5 .5,6 2.5,6 3,5.5 3,4 2,3.5 2,3 4,2 4,.5 3.5,0 1,0
#germandbls:0,-2 0,5.5 .5,6 2.5,6 3,5.5 3,4 2,3.5 2,3 4,2 4,.5 3.5,0 1.5,0 1,.5
germandbls:0,-1 0,5 1,6 2,6 3,5 3,4 2,3.5 2,3 4,2 4,.5 3.5,0 1.5,0 1,.5
mu:0,-2 0,4|0,1 1,0 2,0 3,1 3,4|3,1 4,0
mu:0,-2 0,4|0,1 1,0 2,0 3,1 3,4|3,1 3,-.5
mu:0,-2 0,4|0,1 1,0 2,0 3,1 3,4
OE:4,2 4,1 3,0 1,0 0,1 0,5 1,6 3,6 4,5 4,2|4,5 5,6 8,6|4,3 7,3|4,1 5,0 8,0:.7,1
OE:4,2 4,1 3,0 1,0 0,1 0,5 1,6 3,6 4,5|8,0 4,0 4,6 8,6|4,3 7,3:.7,1
oe:4,2 4,1 3,0 1,0 0,1 0,5 1,6 3,6 4,5|8,0 4,0 4,6 8,6|4,3 7,3:.7,1
Oslash:4,2 4,1 3,0 1,0 0,1 0,5 1,6 3,6 4,5 4,2|0,-.5 4,6.5
oslash:4,2 4,1 3,0 1,0 0,1 0,5 1,6 3,6 4,5 4,2|0,-.5 4,6.5
Thorn:0,0 0,6|0,4.5 3,4.5 4,3.5 4,2.5 3,1.5 0,1.5
thorn:0,0 0,6|0,4.5 3,4.5 4,3.5 4,2.5 3,1.5 0,1.5
### other symbols ###
arrowupdn:0,4.5 2,6.5 4,4.5|2,6.5 2,-.5|0,1.5 2,-.5 4,1.5
arrowboth:2,5 0,3 2,1|0,3 8,3|6,5 8,3 6,1
arrowleft:2,5 0,3 2,1|0,3 7,3
arrowright:0,3 7,3|5,5 7,3 5,1
arrowup:0,4.5 2,6.5 4,4.5|2,6.5 2,-.5
arrowdown:2,6.5 2,-.5|0,1.5 2,-.5 4,1.5
uni2196:0,6 6,0|0,3 0,6 3,6
uni2197:0,0 6,6|3,6 6,6 6,3
uni2198:0,6 6,0|3,0 6,0 6,3
uni2199:0,0 6,6|0,3 0,0 3,0
.notdef:0,0 6,0 6,6
### dotless ###
dotlessi:0,0 0,6
dotlessj:0,1.5 0,1 1,0 3,0 4,1 4,6
uni0237:0,1.5 0,1 1,0 3,0 4,1 4,6
### intellectual property ###
copyright:0,1 1,0 4,0 5,1 5,4 4,5 1,5 0,4 0,1|3.5,1.5 3,1 2,1 1.5,1.5 1.5,3.5 2,4 3,4 3.5,3.5
#trademark:0,6 1,6|.5,4.5 .5,6|1.5,4.5 1.5,6 2.125,5 2.75,6 2.75,4.5
#trademark:0,6 2,6|1,3 1,6|0,0 0,3 1.25,1 2.5,3 2.5,0
trademark:0,6 1.33,6|.66,4 .66,6|2,4 2,6 2.83,4.66 3.66,6 3.66,4
registered:0,3.5 .5,3 2.5,3 3,3.5 3,5.5 2.5,6 .5,6 0,5.5 0,3.5|1,3.75 1,5.25 1.75,5.25 2,5 2,4.75 1.75,4.5 1,4.5|1.25,4.5 1.5,4.5 2,4 2,3.75
currency:0,3 1,4 2,3 1,2 0,3|0,2 .5,2.5|2,2 1.5,2.5|0,4 .5,3.5|2,4 1.5,3.5
uni00B9:0,6 .5,6 .5,3
uni00B2:0,5.5 .5,6 1.5,6 2,5.5 2,4.75 0,3.5 0,3 2,3
uni00B3:0,5.5 .5,6 1.5,6 2,5.5 2,5 1.5,4.5 .5,4.5|1,4.5 1.5,4.5 2,4 2,3.5 1.5,3 .5,3 0,3.5|.5,4.5 1.5,4.5
uni00B5:0,-2 0,4|0,1 1,0 2,0 3,1 3,4
uni03BC:0,-2 0,4|0,1 1,0 2,0 3,1 3,4
onequarter:0,6 .5,6 .5,3|.5,0 .5,1 4.5,5 4.5,6|3.5,3 3.5,2 4,1.5 5.5,1.5|5.5,0 5.5,3
onehalf:0,6 .5,6 .5,3|.5,0 .5,1 4.5,5 4.5,6|3.5,2.5 4,3 5,3 5.5,2.5 5.5,1.75 3.5,.5 3.5,0 5.5,0
threequarters:0,5.5 .5,6 1.5,6 2,5.5 2,5 1.5,4.5 .5,4.5|1,4.5 1.5,4.5 2,4 2,3.5 1.5,3 .5,3 0,3.5|.5,4.5 1.5,4.5|.5,0 .5,1 4.5,5 4.5,6|3.5,3 3.5,2 4,1.5 5.5,1.5|5.5,0 5.5,3