# x4,y6
A:0,0 0,5 2,6 4,5 4,0|0,3 4,3
A:0,0 0,4 2,6 4,4 4,0|0,3 4,3
A:0,0 0,3 2,6 4,3 4,0|0,3 4,3
A:0,0 0,3 2,6 4,3 4,0|0,2 4,2
A:0,0 0,6 4,6 4,0|0,3 4,3
A:0,0 0,3 2,6 4,6 4,0|0,3 4,3
A:0,0 0,4 2,6 4,6 4,0|0,3 4,3
A:0,0 0,4.5 1.5,6 4,6 4,0|0,3 4,3
B:0,3 0,6 2.5,6 4,4.5 2.5,3 0,3 0,0 2.5,0 4,1.5 2.5,3
C:4,6 0,6 0,0 4,0
D:0,0 2.5,0 4,1.5 4,4.5 2.5,6 0,6 0,0
E:4,6 0,6 0,0 4,0|0,3 3.5,3
F:4,6 0,6 0,0|0,3 3.5,3
G:4,6 0,6 0,0 4,0 4,3 2,3
H:0,6 0,0|4,6 4,0|0,3 4,3
I:0,6 4,6|0,0 4,0|2,6 2,0
J:0,1 1,0 4,0 4,6
J:0,1 1,0 3,0 4,1 4,6
J:0,1 1,0 3,0 4,1 4,6 3,6
K:0,6 0,0|4,6 0,3 4,0
L:0,6 0,0 4,0
M:0,0 0,6 2.5,3.5 5,6 5,0
N:0,0 0,6 4,0 4,6
O:0,0 0,6 4,6 4,0 0,0
P:0,0 0,6 4,6 4,3 0,3
Q:0,0 0,6 4,6 4,1.5 2.5,0 0,0|4,0 2.5,1.5
R:0,0 0,6 4,6 4,3 0,3|0,3 4,0
R:0,0 0,6 4,6 4,3 0,3|1,3 4,0
R:0,0 0,6 4,6 4,3 0,3|2,3 4,0
R:0,0 0,6 4,6 4,3 0,3|0,3 2,3 4,0
S:0,0 4,0 4,3 0,3 0,6 4,6
T:0,6 4,6|2,6 2,0
U:0,6 0,0 4,0 4,6
V:0,6 0,1.5 2,0 4,1.5 4,6
V:0,6 0,3 2,0 4,3 4,6
V:0,6 0,3 2,0 4,0 4,6
V:0,6 0,1.5 1.5,0 4,0 4,6
V:0,6 0,0 2,0 4,3 4,6
V:0,6 2,0 4,6
W:0,6 0,0 2.5,2.5 5,0 5,6
X:0,0 4,6|0,6 4,0
Y:0,6 2,3 4,6|2,3 2,0
Z:0,6 4,6 0,0 4,0
zero:0,0 0,6 4,6 4,0 0,0
one:0,0 4,0|0.5,4.5 2,6 2,0
two:0,6 4,6 4,3 0,3 0,0 4,0
three:0,6 4,6 4,0 0,0|.5,3 4,3
four:0,6 0,3 4,3|4,6 4,0
five:0,0 4,0 4,3 0,3 0,6 4,6
six:4,6 0,6 0,0 4,0 4,3 0,3
seven:0,6 4,6 4,0
eight:0,0 0,6 4,6 4,0 0,0|0,3 4,3
nine:4,3 0,3 0,6 4,6 4,0 0,0
ampersand:3,6 0,6 0,0 4,0 4,3|0,3 5,3
exclam:0,6 0,1.25|0,0 0,.1
exclamdown:0,0 0,4.75|0,6 0,5.9
question:0,6 4,6 4,3 0.25,3 0.25,1.25|0.25,0 0.25,0.1
questiondown:4,0 0,0 0,3 3.75,3 3.75,4.75|3.75,6 3.75,5.9
dollar:0,0 4,0 4,3 0,3 0,6 4,6|2,7 2,6|2,0 2,-1
#Euro: 5,6 2.5,6 1,4.5 1,1.5 2.5,0 5,0|0,2 3.5,2|0,4 3.5,4
sterling:3,6 1.5,6 1,5.5 1,1.25 0,0.25 0,0 4,0 4.5,0.75|0,3 2.75,3
section:4,6.5 0,6.5 0,2 4,2|0,4 4,4 4,-.5 0,-.5
asterisk:0,6 3,3|0,3 3,6|0.25,4.5 2.75,4.5|1.5,5.75 1.5,3.25
numbersign:1,0 2,6|4,0 5,6|0,1.25 5,1.25|0.75,4.75 5.75,4.75
percent:0,6 2,6 2,3 0,3 0,6|1,0 5.5,6|4.5,3 6.5,3 6.5,0 4.5,0 4.5,3
slash:0,0 4.5,6
backslash:0,6 4.5,0
bar:0,7 0,-1
parenleft:1,7 0,6 0,0 1,-1
parenright:0,7 1,6 1,0 0,-1
braceleft:1.75,7 0.75,6 0.75,3.75 0,3 0.75,2.25 0.75,0 1.75,-1
braceright:0,7 1,6 1,3.75 1.75,3 1,2.25 1,0 0,-1
bracketleft:1.5,7 0,7 0,-1 1.5,-1
bracketright:0,7 1.5,7 1.5,-1 0,-1
period:0,0 0,.1
comma:0,.1 0,-1
colon:0,0 0,.1|0,4 0,4.1
semicolon:0,.1 0,-1|0,4 0,4.1
asciitilde:0.75,0.75 1.25,1.25 2.75,0.75 3.25,1.25
asciicircum:0,0 1,1.25 2,0
acute:0,0 1.25,1.25
grave:1.25,0 0,1.25
#ring:0,0 0,1 1,1 1,0 0,0
dieresis:0,0 0,.1|2,0 2,0.1
cedilla:0,0 1.5,0 1.5,1 0.75,1 1.25,1.75
underscore:0,0 4,0
hyphen:0,3 3,3
less:5,0 0,2.5 5,5
greater:0,0 5,2.5 0,5
equal:0,2 3.5,2|0,4 3.5,4
at:5.25,0 1.5,0 0,1.5 0,4.5 1.5,6 4.5,6 6,4.5 6,2.25 5.5,1.5 4.5,1.5 4,2 4,4 3.75,4.5 2.25,4.5 2,4 2,2 2.25,1.5 3.75,1.5 4,2
at:5.25,0 1.5,0 0,1.5 0,4.5 1.5,6 4.5,6 6,4.5 6,2.25 5.5,1.5 4.5,1.5 4,2 4,4.5 2.25,4.5 2,4 2,2 2.25,1.5 3.75,1.5 4,2